0.417
0.813
0.94
0.3
0.448
0.077
0.384
0.061
0.746
0.6
0.499
0.992
0.386
0.723
0.496
0.531
0.671
0.549
0.903
0.166
0.901
0.31
0.711
0.208
0.351
0.734
0.566
0.814
0.268
0.201
0.801
0.166
0.835
0.277
0.65
0.058
0.346
0.492
0.222
0.755
0.743
0.635
0.283
0.022
0.461
0.012
0.683
0.918
0.061
0.984
0.493
0.871
0.462
0.118
0.813
0.259
0.124
0.678
0.631
0.955
0.16
0.011
0.415
0.869
0.878
0.493
0.711
0.731
0.497
0.566
0.61
0.841
0.989
0.352
0.421
0.343
0.775
0.694
0.204
0.242
0.138
0.564
0.505
0.555
0.19
0.079
0.782
0.246
0.11
0.174
0.845
0.987
0.751
0.695
0.342
0.065
0.941
0.868
0.856
0.505
0.336
0.932
0.8
0.303
0.411
0.037
0.738
0.926
0.361
0.275
0.271
0.373
0.661
0.027
0.716
0.126
0.953
0.453
0.916
0.625
0.53
0.284
0.645
0.077
0.073
0.647
0.981
0.951
0.547
0.116
0.272
0.268
0.315
0.92
0.886
0.696
0.11
0.049
0
0.507
0.366
0.229
0.371
0.861
0.544
0.285
0.204
0.073
0.331
0.522
0.201
0.731
0.141
0.641
0.036
0.789
0.099
0.193
0.481
0.28
0.274
0.411
0.181
0.627
0.003
0.878
0.346
0.915
0.874
0.012
0.212
0.136
0.812
0.882
0.724
0.374
0.353
0.953
0.016
0.061
0.959
0.823
0.856
0.92
0.136
0.59
0.287
0.26
0.546
0.955
0.519
0.233
0.459
0.403
0.218
0.204
0.289
0.441
0.194
0.824
0.082
0.017
0.334
0.121
0.075
0.366
0.984
0.115
0.837
0.003
0.881
0.063
0.193
0.57
0.72
0.801
0.687
0.574
0.299
0.05
0.646
0.513
0.55
0.498
0.165
0.637
0.11
0.732
0.149
0.238
0.251
0.225
0.521
0.326
0.93
0.893
0.578
0.146
0.678
0.703
0.959
0.049
0.477
0.527
0.617
0.772
0.022
0.063
0.635
0.28
0.151
0.145
0.375
0.913
0.048
0.082
0.925
0.827
0.157
0.417
0.503
0.537
0.023
0.676
0.57
0.079
0.235
0.27
0.169
0.601
0.877
0.033
0.969
0.757
0.759
0.076
0.872
0.536
0.008
0.414
0.822
0.034
0.324
0.617
0.636
0.461
0.247
0.342
0.749
0.527
0.013
0.104
0.653
0.339
0.699
0.652
0.298
0.507
0.159
0.654
0.736
0.177
0.613
0.607
0.982
0.883
0.813
0.253
0.323
0.069
0.925
0.098
0.568
0.955
0.093
0.453
0.897
0.355
0.852
0.742
0.905
0.673
0.27
0.715
0.805
0.41
0.758
0.564
0.957
0.145
0.705
0.607
0.499
0.613
0.529
0.834
0.579
0.447
0.791
0.785
0.065
0.868
0.874
0.524
0.794
0.354
0.612
0.036
0.785
0.625
0.252
0.826
0.966
0.499
0.339
0.476
0.167
0.75
0.689
0.12
0.352
0.555
0.315
0.361
0.533
0.722
0.272
0.812
0.93
0.531
0.371
0.892
0.743
0.595
0.026
0.488
0.287
0.904
0.147
0.793
0.146
0.886
0.719
0.921
0.629
0.344
0.133
0.431
0.139
0.01
0.329
0.527
0.629
0.046
0.655
0.729
0.983
0.245
0.119
0.069
0.931
0.206
0.286
0.134
0.721
0.159
0.706
0.494
0.615
0.038
0.017
0.496
0.058
0.414
0.088
0.057
0.806
0.829
0.057
0.744
0.071
0.351
0.308
0.055
0.937
0.905
0.304
0.928
0.491
0.273
0.344
0.793
0.867
0.086
0.39
0.288
0.074
0.474
0.827
0.67
0.176
0.131
0.683
0.729
0.288
0.04
0.434
0.617
0.475
0.914
0.785
0.271
0.119
0.231
0.111
0.436
0.499
0.623
0.887
0.808
0.335
0.731
0.824
0.015
0.091
0.018
0.789
0.757
0.918
0.412
0.198
0.78
0.904
0.91
0.531
0.014
0.727
0.35
0.234
0.194
0.811
0.339
0.352
0.943
0.67
0.657
0.252
0.615
0.57
0.637
0.122
0.999
0.766
0.425
0.383
0.288
0.225
0.392
0.504
0.02
0.563
0.457
0.197
0.845
0.11
0.63
0.822
0.094
0.271
0.709
0.515
0.197
0.081
0.936
0.041
0.404
0.854
0.352
0.062
0.354
0.788
0.062
0.307
0.46
0.053
0.169
0.373
0.315
0.373
0.586
0.209
0.621
0.007
0.538
0.296
0.846
0.975
0.51
0.318
0.879
0.657
0.603
0.495
0.648
0.814
0.325
0.566
0.463
0.642
0.386
0.591
0.174
0.43
0.941
0.71
0.946
0.749
0.467
0.994
0.068
0.864
0.037
0.495
0.178
0.261
0.56
0.962
0.034
0.177
0.906
0.092
0.551
0.76
0.793
0.204
0.729
0.728
0.493
0.064
0.808
0.018
0.736
0.121
0.151
0.048
0.483
0.408
0.878
0.641
0.259
0.85
0.87
0.009
0.446
0.203
0.947
0.998
0.124
0.41
0.339
0.178
0.752
0.002
0.332
0.85
0.786
0.609
0.535
0.943
0.74
0.387
0.521
0.744
0.285
0.796
0.061
0.014
0.825
0.041
0.124
0.929
0.245
0.25
0.95
0.379
0.601
0.3
0.398
0.044
0.942
0.731
0.37
0.64
0.75
0.348
0.408
0.296
0.125
0.706
0.557
0.953
0.513
0.182
0.869
0.187
0.778
0.858
0.363
0.448
0.777
0.99
0.201
0.096
0.266
0.741
0.978
0.099
0.342
0.805
0.354
0.195
0.437
0.87
0.516
0.493
0.814
0.202
0.513
0.242
0.994
0.117
0.385
0.866
0.62
0.295
0.881
0.758
0.197
0.006
0.544
0.043
0.083
0.482
0.368
0.997
0.258
0.379
0.062
0.665
0.144
0.266
0.14
0.871
0.041
0.983
0.648
0.152
0.267
0.921
0.68
0.722
0.634
0.674
0.133
0.424
0.314
0.951
0.218
0.402
0.099
0.361
0.298
0.294
0.689
0.129
0.147
0.641
0.262
0.243
0.73
0.783
0.84
0.299
0.281
0.09
0.683
0.637
0.911
0.367
0.295
0.319
0.642
0.747
0.09
0.477
0.092
0.284
0.768
0.254
0.818
0.693
0.383
0.549
0.063
0.607
0.5
0.38
0.745
0.199
0.013
0.683
0.368
0.721
0.956
0.655
0.228
0.295
0.962
0.399
0.12
0.227
0.149
0.037
0.404
0.844
0.757
0.958
0.096
0.068
0.416
0.476
0.833
1
0.998
0.39
0.4
0.815
0.159
0.41
0.886
0.701
0.592
0.809
0.65
0.683
0.195
0.36
0.629
0.493
0.519
0.26
0.258
0.806
0.61
0.571
0.465
0.548
0.252
0.422
0.121
0.687
0.685
0.654
0.346
0.233
0.096
0.713
0.721
0.577
0.317
0.923
0.555
0.95
0.63
0.717
0.424
0.71
0.539
0.395
0.624
0.234
0.101
0.446
0.551
0.952
0.196
0.48
0.204
0.357
0.105
0.584
0.599
0.433
0.596
0.98
0.38
0.687
0.134
0.768
0.863
0.184
0.911
0.392
0.159
0.138
0.607
0.954
0.584
0.585
0.475
0.427
0.68
0.926
0.81
0.081
0.67
0.718
0.638
0.279
0.935
0.643
0.758
0.583
0.959
0.34
0.75
0.501
0.683
0.442
0.399
0.766
0.012
0.252
0.946
0.224
0.583
0.68
0.689
0.717
0.403
0.274
0.863
0.092
0.464
0.973
0.041
0.21
0.506
0.95
0.094
0.496
0.101
0.012
0.383
1
0.889
0.317
0.191
0.615
0.807
0.869
0.491
0.024
0.48
0.806
0.281
0.339
0.668
0.734
0.645
0.302
0.847
0.374
0.922
0.333
0.247
0.255
0.633
0.698
0.056
0.5
0.628
0.408
0.155
0.639
0.025
0.346
0.821
0.542
0.649
0.865
0.969
0.706
0.238
0.227
0.814
0.268
0.924
0.686
0.598
0.952
0.334
0.275
0.356
0.088
0.851
0.279
0.343
0.433
0.677
0.477
0.905
0.603
0.438
0.959
0.577
0.033
0.549
0.56
0.137
0.638
0.658
0.537
0.192
0.218
0.56
0.297
0.768
0.835
0.314
0.185
0.691
0.918
0.249
0.896
0.607
0.217
0.574
0.187
0.086
0.586
0.546
0.669
0.797
0.883
0.341
0.345
0.568
0.794
0.907
0.972
0.603
0.11
0.058
0.565
0.241
0.943
0.765
0.387
0.616
0.747
